48
14
14 14 12 27 22 24 13 11 26 32 34 11 13 28
4
11 7 49
12 1 26
2 12 36
9 1 79
8 3
2 5 6 7 8 10 11 13 1 3 12
12
21 39 659 26 674 24 73 33 98 987 162 35
4
12 10 384
4 12 77
10 5 967
12 5 351
4 5
1 2 3 6 7 9 10 11 12
11
35 12 16 28 18 39 18 28 27 33 19
5
11 2 38
3 11 34
6 8 105
7 10 64
6 9 76
7 1
2 3 4 6 8 9 10 11
14
816 22 635 56 647 33 870 845 882 21 36 35 713 29
5
13 12 45
7 12 109
13 11 52
2 5 105
3 4 790
10 2
1 2 4 5 6 7 8 12 13 14 3 10
11
11 33 32 33 11 24 21 26 19 13 29
3
9 8 92
11 6 34
2 5 78
5 4
5 6 8 9 10 1 4 7 11
13
27 24 24 23 33 32 143 287 20 414 271 31 761
4
5 8 20
3 12 104
5 11 91
6 5 45
4 5
2 3 4 13 1 5 6 9 10
14
34 28 10 13 25 10 10 27 10 20 20 18 20 20
1
1 10 107
4 1
1 2 3 13 4
11
836 73 36 217 358 31 36 32 718 23 25
1
1 11 82
7 2
1 2 4 5 8 9 11 3 6
14
21 16 13 33 17 13 12 21 15 24 36 35 18 12
5
9 2 95
3 14 25
6 9 64
9 10 65
10 4 105
1 5
5 2 3 8 12 14
14
130 814 35 32 32 760 24 76 499 24 23 30 20 165
5
14 13 89
4 1 914
13 1 68
9 6 23
12 4 52
2 8
8 14 1 2 5 6 10 11 12 13
13
30 23 35 27 29 28 18 18 16 13 36 15 29
4
8 13 95
5 11 116
5 6 31
6 8 86
7 1
3 4 5 8 9 10 11 12
11
995 653 839 31 25 26 691 663 36 453 34
0
5 2
1 4 5 6 9 7 11
11
29 28 13 31 28 25 14 13 12 34 33
3
6 5 108
2 8 75
3 1 20
6 2
3 4 6 8 9 10 5 7
11
114 942 28 185 25 33 35 36 630 33 687
0
5 2
2 4 5 8 11 1 7
13
14 11 35 13 15 11 18 32 10 14 13 28 11
1
7 8 24
1 7
13 1 4 5 6 7 8 12
12
159 147 27 459 808 831 601 800 449 35 36 398
1
5 4 817
7 4
2 4 5 6 9 11 12 1 3 7 10
15
35 14 22 29 13 15 38 16 35 17 13 18 15 12 16
0
7 2
1 2 5 7 10 14 15 4 11
15
29 162 969 32 427 423 780 553 24 875 20 475 822 29 34
0
7 5
3 4 5 7 8 10 13 2 6 12 14 15
14
17 12 23 11 22 16 12 15 23 17 11 26 17 17
1
3 4 63
5 4
3 4 5 12 13 1 7 8 10
13
973 902 30 703 382 23 29 328 311 59 488 38 214
1
6 13 48
1 6
5 1 2 6 7 9 10
12
13 35 15 13 18 13 15 17 18 14 32 18
5
8 1 119
7 6 98
7 2 74
9 1 71
12 2 109
1 5
12 1 2 4 5 7
15
29 31 393 550 37 20 498 277 583 160 29 925 381 968 30
3
7 13 74
7 2 103
7 15 39
3 5
2 11 13 1 4 5 7 15
13
14 16 23 35 16 19 29 15 24 13 34 33 26
2
12 10 66
2 1 36
1 1
5 1
13
641 27 227 34 25 21 579 879 25 29 33 866 32
3
3 1 109
6 4 67
13 1 25
2 7
3 11 1 2 4 6 7 12 13
15
16 21 17 15 19 13 13 20 18 35 21 13 27 25 32
0
1 7
13 1 3 6 7 12 14 15
14
579 26 20 28 110 970 26 685 907 98 25 20 33 38
4
7 8 42
7 4 31
6 5 91
5 3 508
7 1
3 4 6 8 9 10 11 12
12
11 24 21 11 33 10 13 28 39 36 15 15
0
8 1
1 2 4 5 8 10 11 12 3
15
22 509 341 20 547 20 336 35 28 482 316 32 22 44 22
1
3 10 651
5 2
5 6 9 10 11 2 12
14
29 23 14 32 19 17 16 30 25 29 26 36 39 10
5
9 3 117
10 1 43
4 9 92
13 10 65
12 10 89
4 4
4 6 8 14 1 5 10 12
13
35 394 280 609 25 339 34 25 79 982 34 131 25
0
4 5
2 4 7 13 6 9 10 11 12
13
15 16 15 11 23 38 37 11 33 16 17 19 29
0
3 4
4 9 11 3 5 8 12
14
36 39 469 35 26 723 39 23 944 22 708 26 33 401
4
13 9 31
1 4 723
12 1 25
3 4 127
3 10
1 2 4 3 5 6 7 8 9 10 12 13 14
13
22 15 15 13 32 35 19 37 13 22 11 11 12
5
5 13 30
13 2 89
12 4 98
3 9 81
5 2 88
2 5
2 10 1 4 7 9 12
15
245 50 32 774 31 870 32 23 523 564 851 32 652 478 877
0
5 1
1 5 9 13 14 3
15
21 37 29 19 30 32 12 15 10 11 13 30 13 11 31
3
12 6 29
9 7 106
11 8 86
9 2
1 2 5 7 10 11 12 13 14 4 6
13
399 21 33 26 539 539 31 761 35 66 402 28 274
5
9 4 51
5 7 69
2 13 69
2 6 118
12 4 104
6 2
1 2 6 8 9 13 3 4
15
13 26 19 20 26 13 10 26 23 10 28 17 15 15 19
4
5 1 100
2 15 30
13 9 95
6 4 40
1 2
1 11 14
12
38 906 718 26 35 840 34 32 676 20 22 37
5
7 5 36
5 2 82
11 8 678
1 11 41
11 10 89
5 3
2 4 5 8 9 3 10 12
13
11 15 35 20 29 17 14 15 24 25 25 27 14
0
4 4
3 6 10 11 4 5 9 13
11
670 28 367 439 820 291 340 809 479 34 34
2
9 10 53
6 2 41
7 3
1 2 6 7 8 10 11 4 5 9
11
32 38 27 29 11 20 12 26 15 23 17
2
6 1 27
1 3 25
7 1
4 5 6 7 8 9 11 2
14
633 740 20 31 260 22 36 389 155 834 38 268 99 27
4
4 11 86
3 9 40
11 8 794
11 7 83
6 5
3 4 5 6 9 11 8 10 12 13 14
12
16 17 14 38 32 21 31 37 36 29 29 25
4
9 12 73
5 11 35
7 4 65
11 10 30
6 3
1 3 7 8 9 10 2 5 12
15
39 39 480 301 854 26 850 273 295 334 28 21 689 30 20
0
10 1
2 4 6 7 8 9 10 11 13 14 3
11
15 26 10 14 37 30 16 26 10 32 27
0
3 6
5 6 7 1 2 4 8 9 11
12
34 33 241 37 341 101 559 30 37 624 31 212
0
1 8
6 1 2 4 5 7 8 9 12
14
14 14 15 12 17 18 10 32 24 16 23 38 13 18
3
3 7 68
6 1 43
4 6 97
6 3
1 5 8 10 12 14 6 7 13
11
20 20 969 28 282 257 873 902 636 37 344
2
9 3 78
3 11 31
2 4
1 11 6 8 9 10
